"0.22528573861279966","-0.3719825183929873","0.46283978000680237","0.06811780368852728","0.015987323128839086","0.14691335148156748","0.11571118322474579","-0.09162749643510629","0.401904032045791","-0.31695490294147316","0.08701268247607301","-0.2717722135371389","-0.12830877941762928","-0.0016085705145688581","-0.07469009879474242","0.22043314427570385","-0.012565229914962355","0.012545454691864034","0.18441373781540052","-0.3162489914384912"
"0.22278693506959385","0.2047206763693873","0.06144607133270202","0.21537652488312722","-0.45214373352507625","0.07647423935644168","0.19914143039210222","-0.05389981159095772","0.2259049846521588","0.24045109128199552","-0.2004985135535426","0.27081501755378196","-0.05133187646635443","-0.0689108450364435","0.3041786263259108","0.151779046276601","0.3865471530651847","0.15264715002732937","0.27123489560154296","0.11757709693678636"
"0.21716516243441067","0.26356301156231116","0.18793341170320288","-0.20628080682248107","0.042159432446301284","0.18870746819235532","0.09551385198493388","-0.21891075878991065","0.29139632245857267","0.17614281398700152","0.16558240509450758","0.13375206600660408","-0.046316510225338156","0.07594208315184597","0.030099265803657193","-0.4655385768939606","-0.05471695820675797","0.21806325545056385","-0.48464757038894","-0.19710846396017187"
"0.22484366300759615","0.03657677003589583","-0.18754414483124357","-0.0762753492222184","0.2298666618290971","0.10453772497799474","0.11008285343533371","0.06475983956685788","-0.08417516462466117","-0.6007319061654406","-0.37998839014932967","0.3955826045256109","-0.0641433416954033","0.31906764768655016","0.20185459993338087","-0.021988567417963865","-0.029397884328263457","0.06430406199252277","-0.0024153542772115126","-0.07774571778983186"
"0.22642360434202932","0.12693617983248154","0.05027434241989739","-0.25424620316100516","0.18015976324461383","-0.1450689537476763","0.05652126410768952","0.5205834109232753","0.1953236891565005","0.02358563838068209","0.17098717085165777","0.03571256208953509","0.4528940021970731","-0.19427488279902563","0.2720438185024277","0.005629874195387507","0.1010759655324408","-0.3427104518208587","0.05816693505540055","-0.14346277976857782"
"0.22469699582687205","0.13263526681455118","-0.04745471383271304","-0.09647569824276253","0.25965896052854665","0.2841953075215643","-0.2410092704372435","-0.04426293376793116","-0.05563844576265389","0.313460143962853","-0.509900901802325","-0.2632911246602777","0.19058302089436813","-0.04587883321768444","-0.11504903059983079","0.395720687592612","0.04422707492041415","0.1327708331583182","-0.152108321936621","-0.1745628823760988"
"0.21395156730266213","-0.29327281381791237","-0.13119133407294123","0.14172819392374195","0.12224873011666332","-0.49703845723536727","-0.14355991580652228","-0.14216697338310047","-0.05554310476388727","0.13751835913047417","0.14968833794328518","0.4210785744846528","-0.08428973607511035","-0.22829899076992718","0.01058556135097426","0.25992088897579735","0.009571166373696417","0.17573316755852866","-0.203490768672358","-0.32728642034303734"
"0.225692521069449","-0.09387273821666375","-0.3791522708913683","-0.2658863193185735","-0.044776167066944726","-0.07207212769081695","-0.05518471474544875","0.16505488752850364","0.11210492761533304","-0.07226933833865014","-0.11260261891954466","-0.33694919705722626","-0.5721866380434166","-0.3625655744804505","0.08260214269775573","-0.1903735341663381","0.18519658149831275","-4.183337559924544E-4","-0.05550704586602452","0.07078873522192404"
"0.22266883877077273","-0.47280777870646407","0.049897928920521015","0.009000864596946538","-0.00861367094253304","0.1640215620275786","-0.2152691184687001","-0.26150266843695563","0.11404661401502098","-0.004634512578758944","-0.09345723690796728","0.13020440842507167","0.2166323604949279","-0.08349947602293016","0.12389809461356245","-0.07698869396169168","0.0313069495221497","-0.3320943612608037","-0.25680656453011036","0.5398955216217998"
"0.22145213148799847","0.006082308017580689","0.02833358052736644","0.1948763311670872","0.48136778451332723","-0.2365882021398359","0.5037076362207925","-0.06560405140339333","-0.05854562306852588","0.13106164919645794","0.05893906580916148","-0.2715976736134404","0.02076391693041478","0.048921026117765415","0.1661701810237006","0.01581456527938924","-0.10503998919812756","0.2633450357118726","0.037312623695945284","0.39512157085502975"
"0.22936735758130275","0.03696315843466937","-0.23923369829504407","-0.20899155040095327","0.14348418668681523","0.15004145513287526","-0.2988673382815908","0.06859800299388641","0.267603732464381","0.18522432082271587","0.37802156019924926","0.1727732501811104","-0.15227918805671642","0.35588707300836997","-0.18002505937054686","0.1784826995353176","-0.14250982228608441","0.10394518157133996","0.36202953182779335","0.23027634927495277"
"0.2270312186828684","0.3065378905801166","0.12147999143357506","-0.30715387072421607","-0.06157391277776533","-0.39034049926674075","0.012342346238508013","-0.3969881711892883","0.013034708025311786","-0.1939936309234068","-0.16957951374432645","0.03738723893486122","0.15075747235040549","-0.20543231447791765","-0.44100967924729056","-0.07695484019095578","-0.027554162109209242","-0.09588528858920403","0.26948361087284384","0.12492614878260601"
"0.2234152480293418","-0.14538163422254638","0.038367282901080366","-0.13130346750780297","-0.3266523765355216","-0.3026735436921016","0.20619697835825962","0.2200400363691167","-0.09148202173920945","0.12626162311199085","-0.07376138669562038","-0.13169443497587757","-0.034577659905595276","0.577685225474144","-0.26540270075256506","0.10823117468233735","0.1866551020256497","-0.1594093529006628","-0.3102872335686894","0.017208206363402846"
"0.22637073839986283","0.20575892883629704","0.17938164342712062","0.09888192274058834","-0.09432447187885515","-0.1787546105318923","-0.2714022157710108","-0.16872229625681068","-0.17846747366469118","0.1270156615062906","-0.05504465901922249","-0.16348508340459897","-0.25089543307245854","0.18729960634840054","0.4640161690069422","-0.02313021963815835","-0.4194620669031652","-0.3568995378650909","0.10309822319027537","-0.12615832842103292"
"0.2182452142966077","0.1386365157884314","0.16698115302124725","0.05672318028173655","-0.05075710996273081","0.32004098381411056","0.2936897462569337","0.2344186052951195","-0.27300783506792664","0.0281692743234282","0.09772569149375421","0.2638748804268029","-0.28476954348180533","-0.3220230337512668","-0.27762738619635036","0.2389754515831953","-0.2996612096113713","-0.23291125964946277","-0.15257474358825596","0.12260137387478645"
"0.22554409956003962","-0.27087457551731636","0.30438245607218567","0.11170067828999031","0.09888236646442772","0.03108636679829949","-0.1806195794022882","0.297239001568188","-0.3038739928042213","0.2177316580774911","-0.18322327801323113","0.11603566875590592","-0.013282913478681723","-0.001695872177506622","-0.17596984145978456","-0.5237242682224584","0.07521761055733936","0.17218321131740152","0.3280571178321222","-0.06142484074986677"
"0.21842987165497177","0.19844548069746323","0.04252400342890567","0.32873020028149014","-0.2811530830839404","-0.1148742646514797","-0.35523240914612797","0.30570207304929653","0.08580682877322401","-0.3355975467497673","0.06572831753931897","-0.1620535812744377","0.18886434210740075","-0.07921565045229742","-0.05111652417721235","0.0188898816271761","-0.21297189406176414","0.39231741428915506","-0.22554807304963695","0.21335972397646533"
"0.22921586066641547","-0.22975169460622255","-0.20342651157198377","-0.3470710641323474","-0.36155287331929","0.20297097878433773","0.17134377469058523","-0.1626053372126117","-0.4119623033817047","-0.03335400200366442","0.22899024959996295","-0.13382258588698137","0.29756607992907924","-0.06286065404857133","0.19265837471057254","0.0193921001129318","-0.1736010678252817","0.2675869685150867","0.128783176838801","-0.12502275038473792"
"0.22262580481227207","-0.00951340171143424","-0.522032260886543","0.495682674770064","-0.055041031974757085","0.1055775275601051","0.17785043942767692","-0.08583051521940577","0.18051857202468188","0.060076148144781835","-0.026730037354510797","-0.0901993689819059","0.18674553352900944","0.016548881551505898","-0.2491935495470316","-0.2492251001552528","-0.15386455798109358","-0.2790733456588522","0.09151876990442286","-0.25420009918752595"
"0.22623036199586657","0.23054416842973582","0.024343453203907354","0.2070201987000169","0.1641530975886932","0.14738968157968296","-0.17031844942073213","-0.18363195980187907","-0.3654755968600006","-0.20026714681010235","0.40394353680724265","-0.12468625403182138","-0.030400341593784325","0.0550320704059559","-0.02418411532311148","0.016979244918144003","0.6012569482766472","-0.1384814996419743","-0.04306902998351589","-0.03249568027191137"
