"0.18105009467075467","-0.12194628112963543","0.32097796374364185","-0.3074572016463503","-0.24420555413223816","0.04935810841576818","0.30097314286547866","-0.01530353824779061","-0.09777648398677008","-0.06933381282915883","0.146327011995647","0.025103069960788843","0.11074280623444682","-0.1035456476962616","0.10653706615578387","0.19284587134726383","-0.1411795592591727","0.17220274264214108","-0.31533338762002333","-0.2643356904118613","0.01049566132051996","-0.10943402229745382","-0.043140249850693264","-0.018695540360865636","0.25482749601958765","-0.15641707025539967","-0.013685539093439933","0.01027890636511263","0.1141668208244925","0.39755020338267427"
"0.18775886050938617","-0.046000931200591975","-0.26316786420181654","0.1445386870230218","-0.004201583656387864","-0.10095930166332961","0.18548042419753374","0.22559513507287574","0.14585422566627934","-0.17638510598453788","-0.13835232040915607","0.4019972294446291","0.024685084954873718","0.19513539823417742","-0.09194405771807172","0.30875223181748424","0.040403976016201826","-0.22807041242798573","0.01758586769259407","-0.10942664288500631","-0.26713587929425353","-0.13111569829692743","-0.31484673867060375","0.11436936852041056","0.028250407915290637","0.18837560781511906","-0.11174208668804667","-0.2708382976062568","0.06928159302359042","0.08809773766634336"
"0.18498000150082497","0.023109415789607384","-0.20165120790640662","-0.03825059228723796","-0.3754300414800456","-0.200666922767592","-0.12601923615230665","-0.0850847740787694","0.03103461773574136","0.1707813818147562","-0.06644951272464737","0.03214358884013437","0.15022775990389664","0.18704746555476837","-0.1083365310722321","0.23972957533418437","0.33221665136637374","-0.012500886907261","-0.006494688626255598","0.37740741665599514","0.17554502689796508","0.039731482518311594","0.3039854324415332","0.1512164406281487","0.028711768333880724","0.026997048142677206","0.15227443364025936","0.16891118565808802","0.0503539419277442","0.31617767478169695"
"0.1827348402130061","0.3248665719097138","-0.04389767492836422","0.11508659326594183","-0.15613251507745218","0.16744336490879777","-0.20808743048443887","-0.017666797768783025","0.3212482689454331","0.25734306200084045","0.2610375393503324","0.08191917491455189","-0.2297304718229351","-0.03205626115833191","0.08342728826742316","0.14184383599450665","-0.012720839832900736","0.08758394403962054","-0.04359708962429838","0.052709134193959284","-0.09545871776887561","-0.32416785762700734","-0.23791645663252092","-0.14184699356758407","-0.044068280518862905","-0.2996031013795752","-0.016211767470984215","0.21351339314178638","0.24220396231393063","-0.15829910792773738"
"0.18587212329635383","-0.07567442387173581","-0.3359583785020911","-0.021436487907132463","-0.14674145285648343","0.1446938055102317","-0.07036051541127052","-0.15535446520552196","0.1676052048076742","-0.05707204948011247","0.010957977287222571","-0.13939539553957422","0.53066605930908","0.09890129378877328","-0.20216563899196385","-0.11803802519213043","-0.024136711561451616","0.27596625201544833","-0.07185091726457844","-0.23764789988416593","-0.20644362133922958","0.03854082470650547","-7.402016673816245E-4","-0.16291619609429653","-0.07084115799550704","-0.03514000117171073","-0.2357612041193203","0.12294289031908852","-0.2765383598014008","-0.12369317879681863"
"0.18648188141920416","0.08739271581894234","0.023515819358188056","-0.1392367379491158","-0.20514103149987334","0.006075250015039553","-0.2617242735299073","-0.3210475051410103","-0.41030218876380636","0.09424550433931242","0.16450824130921196","0.2270842230173883","0.15304131640033478","0.15527436977163797","0.10099694166981975","-0.16388149038362068","-0.20560347767255419","-0.31581875365276024","0.02766637070285253","0.10754636800904502","-0.09990007325643512","0.12124525289667738","-0.11532044090631292","0.02256188536883772","0.2775124477997716","-0.02049332151095577","0.0024600052287303033","-0.23377886589335745","0.026637530672302276","-0.24056433287448348"
"0.17544153950908262","0.06569882535869603","0.19811320105470445","0.017880435823660355","0.02847936980687376","0.20214075091735764","0.13562357813567338","-0.24951688891793233","0.11451998087977858","0.039505354910102826","-0.22660833313729925","0.2387549265399144","-0.018140118316841237","0.22967685593560422","0.1808946743633605","-0.03910155299789927","-0.0315066468429037","-0.07382458078738957","-0.1394823744095163","-0.14679231806438997","0.027258530413878018","0.3012616089434577","0.25943673577214377","0.1088477284383067","-0.5136511504309391","-0.059714057129594295","-0.1720416819351945","0.013810026357136714","0.27543220687701697","-0.038597723771050724"
"0.18622993254060788","0.12251227668479565","-0.0377398531355512","-0.08173548059497307","0.25445018498315297","0.10352204811336307","-0.06074183511328685","-0.3047880744722117","-0.2279415460545271","-0.02670390368063718","-0.16529746754680918","0.193622724045407","-0.032382798340217275","-0.14850867719482014","-0.10594628053229942","0.17763275761511776","-0.08393457818481917","0.024510500374216735","0.2574441454612672","-0.2260222223719717","-0.05655347268356661","-0.2959202373796188","0.184190631200285","-0.2310571422495489","-0.0041471438824494345","0.35427005044563703","0.25742204925257633","0.29212380829461565","0.027279054696359425","0.07636193024650385"
"0.1862618715152974","0.14497045064085864","0.05752050128740769","-0.11196600355556477","0.06924781045586173","-0.4177831807917437","-0.1740871959285417","0.10005881813112517","0.21958309817604776","-0.1064094780879148","0.2296306652077972","-0.026014351159107482","0.1097585744235731","-0.24285652883794215","0.33971755798313247","0.09134116689917092","-0.13248651608234674","0.0782194565181853","-0.05042335467958213","0.11448875142971524","-0.15414012448713238","-0.03197142678061115","0.3385991944569923","-0.18385228406216148","-0.16429900912996012","0.23591820625125534","-0.09719551248386858","-0.3071280907680382","-0.03577870458278683","-0.028370197897205296"
"0.18404590730988252","0.08436807884433364","-0.2816061980783631","-0.08739422310347354","-0.04280721059367867","0.03818739098183515","0.12957940651437894","0.20836314000965675","0.14861108276276902","-0.2490108413420717","-0.13442282351128407","-0.2753845946100053","-0.13723060247196425","0.18115970201617485","0.04118527822097561","-0.3191387690924021","-0.25271525075813284","-0.20009985671982025","-0.17370965077576533","0.05279408192846725","-0.058153124387893995","0.08636200156126562","0.15357914606942866","-0.18360449233120618","0.2512625314385282","0.10204774242094534","0.2070479715540655","0.182736236634618","0.34661599121957953","-0.02055967190991904"
"0.18097244998296927","-0.2513183008554209","-0.04782918502162721","-0.11291208600721972","-0.15961570734709357","-0.21151171828191653","0.08479803851089165","0.10531097155513679","-0.2542674882228949","-0.008580716662087325","0.14331568128132488","0.037273245274558636","-0.03190828932212058","-0.13599608904646346","0.16341300082918825","-0.3199029955773701","0.4760834752444407","0.07073630962549705","-0.01119764555169505","-0.10996728256763436","-0.11786335620473325","-0.00861646523252783","-0.2637050071243068","-0.06323068844689937","-0.3151840729943569","0.14101245960240788","0.1769910012263682","0.16083397065106037","0.19155009518365762","-0.14441142989219863"
"0.1777832847334804","-0.29031883099856864","-0.1987380728810852","-0.0042447111520607025","0.2036051249624085","0.1791932217234075","0.08051291029882705","-0.03233499071166848","-0.09361685247095267","0.11751443796659528","-0.327560228339251","-0.014893887383655003","0.0554621059905999","0.01611075296191111","0.43829701877554317","0.013635856590094655","-0.1364120022533124","0.38572409950293707","0.10369818962299063","0.3868757448381625","-0.090749399774154","-0.12970440353936502","-0.08941891636013322","0.05591167911272787","0.029584780380500546","-0.17878537727285382","0.12531250180166195","-0.1581122737875368","0.01111480540155252","0.010920586938873314"
"0.18240871019916094","0.07929558078560052","-0.07815878919795634","0.3089309986658105","0.06012604038544587","-0.07288886704808291","0.0787755858790492","-0.40898301842131507","0.20356402564446366","-0.06742026781914377","0.02747328180791399","0.12989650301471717","-0.14717509172385093","-0.19419563133494455","-0.1628155362896491","-0.32086379361829154","0.12049097185359098","0.176003599618126","-0.09085399180084555","0.009427937453621244","0.24370636795035389","0.15514163337458012","-0.15256142675219764","-0.19873684295470853","0.12711950436339878","0.0064176342846501725","0.1290067690033508","-0.3465699353422621","0.009840406358836248","0.266312414168616"
"0.18659060026367483","0.03577335566435479","0.12027597670841984","0.30594612479955297","0.2982374857569407","0.07433328606402116","-0.22546635987143757","-0.09241333568193236","-0.08599083497617577","-0.42979358563922104","0.2605050715307273","-0.14728895297250832","0.09209108810998416","0.20833506821726633","0.25756202214590246","-0.03780004522892772","0.09661401774375064","-0.0782170296671086","-0.1158460945951105","0.09101221840490928","0.03959804606233131","-0.0955407952597027","-0.14243037626573277","0.2595716968232459","0.007443725097438315","0.06632698399907945","-0.10625365106272801","0.2797787183719172","-0.1000345213955661","0.24722490698484645"
"0.1847622965207259","0.11204261432969619","0.025531784069989884","-0.19058719922502265","0.28172364883032286","-0.13707492380735606","0.11144414657099685","0.012169768425220702","0.16709330757775043","0.03397312945683988","0.22644665412063128","0.11054666217418792","-0.06919562158300482","0.1798153734828949","-0.13772114918234762","0.03958928010544683","0.02341771687456661","0.3037464038429473","-0.039843460782286025","-0.13246682406531177","-0.05632268559424215","0.18425393218532943","0.06987127179071156","0.4606309894814173","0.1653931298820963","-0.036810910003125294","0.39000792377384313","0.026619650052836626","-0.11587481188422208","-0.30707937064705304"
"0.180512547068757","0.003479794559914368","0.296911878446047","-0.002876847086750633","-0.13827766930359403","0.08040561204032824","-0.04112650750877003","0.050254773126926215","0.15138555031090525","-0.35211362218628145","-0.20422496145576538","-0.0809987724407957","0.16818269270341935","0.0029253582287531513","-0.04327377829508395","-0.047485872805509664","0.18992327962381975","-0.23729614476652142","0.1968377380796417","-0.05635036439788527","0.06135409802359033","-0.29340294930054633","0.11163765809553998","-0.050979303477516155","-0.08199392023291119","-0.38119313603645255","0.36196643410108853","-0.22638514064537624","-0.15095280627527136","-0.15982365781229418"
"0.17302775898454242","-0.0825974853927812","-0.11967251789943364","-0.13701418334059995","-0.04312040995318241","0.20719377624196786","-0.4391759938641742","0.254114428560594","-0.0562120225441083","-0.014752548499410396","-0.1958129081146897","0.19094780670509517","-0.352569791694038","-0.1270891440178737","0.07055159050927716","0.03818086015038651","0.042512499014529824","-0.038325481263738595","-0.38460645840095603","-0.13261382963335813","0.06612584939407862","0.18114423308362754","0.017775782880258256","-0.05619391585255925","-0.026658595814430596","-0.022953027420671655","0.07079594747592571","0.004512867792219686","-0.42737518992227175","0.06684989590308658"
"0.1928157265255554","0.16359319585784649","0.043508532223168035","-0.14907662869840504","0.41258532990167807","0.09999928168471497","0.24011937642055123","0.21872256367619708","-0.10845995815051686","0.12263168854862977","0.07279729985541263","0.08957048060867802","0.2423281752138227","0.08103525401545365","-0.05368721265537414","0.11924250514385817","0.2773922745461219","-0.12185685272825808","-0.14711146238059938","0.2135420127444614","0.317874559564935","0.08278660347142487","-0.053056926252587955","-0.41892426385236947","0.08669589593345231","-0.06327813733217795","-0.14249376897702593","0.020789031551648796","-0.04138581764770496","-0.15648087379940576"
"0.17616369196062173","0.20379794380890684","0.293285146544404","-0.038301212795266805","0.003196496469188803","0.1076129631613658","-0.1552053300796779","0.1336085623740468","0.027968669257216618","0.20165315994376076","-0.1900355557793701","-0.3162926813619753","0.23108531454498477","-0.10573726708263899","-0.23416897213907925","0.05452026525244138","-0.17397795725395188","0.007743363913893207","-0.06864863929105379","0.13603631211209014","-0.07481462297274197","0.17332953550692656","-0.41086593873812505","0.10108746694693348","-0.22525111169669873","0.289605883456373","0.22802165739758243","-0.08980690416504983","0.08353378530489092","0.12871041725241658"
"0.18427776830835718","0.24052207771173534","-0.2891748093322055","0.14045814913838087","0.02094899585715955","-0.02705398570868399","0.09203818203644738","-0.05996499545753012","-0.1828722514025712","0.0482958755972991","-0.17617323408987828","-0.3023557485949528","0.06312836271117707","-0.4825848627498728","0.12407968925367109","0.16761715401001623","0.13140592492799594","-0.1543937249451067","-0.08133389927955367","-0.24264637798952585","0.1330249691569879","0.022589254952008257","0.05636913550397944","0.3546680197573002","0.11404465988984017","-0.1142949935992186","-0.15281856416095924","-0.0630323549005451","0.12009184724249553","-0.17725379112690579"
"0.18219563257943994","-0.29233010784013175","0.05241914761310503","-0.03446560514200423","0.26223124997505065","-0.20493648509455206","-0.12230484027011806","0.02793388949440733","-0.0055697789312053525","-0.04294210333881218","-0.01824859082473225","0.17793085301033212","0.03430030955016902","-0.34240024488611404","-0.4251682318886374","-0.1241903887509255","-0.1625170479990852","-0.14478897887220873","-0.052585677081423345","0.23204524953613104","-0.21634084789016403","0.018618162403369873","0.08204369051406102","0.10263325727051693","-0.04828901609663089","-0.3610432877288421","-0.15741488294114314","0.20490080529019036","0.1716045117830791","0.07169005262737208"
"0.1807610529651976","-0.292002631113153","-0.2149061926299058","-0.23380766188154145","0.1596622237467904","-0.09969386166816525","-0.17410056439509022","-0.0075372614804014556","0.029400531457187268","0.1694209076592156","0.18819372230457046","-0.23053293323614293","-0.0964643995795344","0.23370150551845006","-0.09310936459415901","0.004574426879752049","-0.19616691411444628","-0.11880204380601893","0.14217680520684078","-0.25180382429767867","0.4625491385011307","-0.20899130984391495","-0.06832659904082945","0.04987204032604434","-0.226736937235293","-0.04398175747959302","-0.0561182828972656","-0.2094133417439622","0.1077557138123398","0.10821346992117115"
"0.18406821818960986","0.045506144773749674","-0.041229585210527775","0.23500185600514129","-0.21732411395915227","0.07202576186821119","0.31491332321076637","0.0370527228208375","-0.36137995329264017","-0.1354448472305588","0.1849695798517085","-0.06654340401092439","-0.22488123172236676","0.032818098567740116","-0.2835482622753953","0.06309458556246128","-0.2502826069289587","0.12487869622634118","-0.20255683219007373","0.2566157817131112","0.06829281454988459","-0.205139704201405","0.13988267202492177","0.02661375127575433","-0.30347615553521123","0.07150809955945599","-0.004968931672117374","-0.08947613106247478","-0.1941272980819978","-0.18837179652186656"
"0.18367284423692867","0.17748496331381694","0.23706515911959633","0.14596714227088742","0.046768545453212795","-0.23171791699668118","-0.018796062095608964","0.1849068232686197","-0.11056967809198212","0.3682696073901425","-0.27942086534613214","-0.022070684604849553","-0.06513762837534823","0.23699409136935215","-0.04283770008681793","-0.40072226621807977","0.0856073418991979","0.10855848258610382","-0.0564071717030644","-0.1509872889638628","-0.10789312853535203","-0.34561716109745555","0.14761888029170472","0.07394490933899446","0.17032201562487426","0.035241209767660264","-0.24859999919851467","-0.03665867052416505","-0.11053718366723124","0.09240840937366274"
"0.17825431345478884","-0.3185377941068379","0.16718263823133034","0.29571921772796733","-0.17324519146626796","0.22532599652481633","-0.026895467247545685","0.250324329323728","0.20295156649562812","0.1025207618512191","0.09341671999990117","0.2393543054601152","0.1854615196461894","-0.20445569439014288","0.05955495500055231","-0.09925393292918905","-0.13722517559704955","0.01571780315020838","0.15272112186667527","-0.012637940898689953","0.35355840635547764","0.0020330330620497087","0.1168786661037678","0.12552296575917454","0.20235871273093983","0.3147759924260227","-0.033552002830978304","0.12080818425136461","0.06722645277415411","-0.20643714167878335"
"0.17581201936925053","-0.23359453897796995","0.20864288273908385","0.21715489466942048","-0.009446983295684","-0.034106263811677556","-0.2444975639888432","0.011112320231029876","-0.15450638965739663","-0.12280627672097973","-0.05825342892838971","-0.2517021243455737","-0.21283381346251706","0.17940216517271843","-0.15097808125186177","0.34163060103559467","0.16730636628196657","0.2557815257101703","0.11242441210156899","-0.09911102123981619","-0.11957757328752934","0.25545691341667087","0.07925928162549134","-0.22983157777767954","0.2004057990289325","-0.012578341496525527","-0.13547244247994117","-0.12458362011184794","0.2797622059002796","-0.18162993073377642"
"0.17848647450419758","-0.12670450676727502","0.06038299801769321","0.3101823323051885","-0.03664482901512601","-0.37117447835779366","0.2213817741680827","-0.06199573282240615","0.0389990027769449","0.24035169634349182","-0.025528729236409347","-0.10379774662164518","-0.0378623944493465","0.05290531835835429","0.2005058968088719","0.15737930386639998","-0.2405679491016527","-0.24253018707509738","0.11440002477296958","-0.12164820288288586","-0.032140686720992254","0.2511914469182712","-0.12166736664079437","-0.2079576216498606","-0.03007558293800439","-0.16384461423959157","0.17010469348466142","0.27855903967875256","-0.34506416253473593","0.015334052123412736"
"0.18588785686965237","0.10781584215884918","0.11841153802676563","-0.3726561584923923","-0.1673999592714333","-0.17262063599713798","0.08169247954440773","-0.1465636081786289","0.15120376843528763","-0.27058574897502596","-0.25403613080393195","-0.01362276895116628","-0.24601992009941395","-0.039301500829516646","0.00368580648600592","-0.017277598675983368","-0.039594877358328534","0.10403092593579485","0.26898443980027503","0.18450852106157717","0.2161998492873269","0.03440685258847725","-0.2675611661234492","0.07200209205418157","0.057369696231094294","0.10136750527172986","-0.3833267931484012","0.19891933772581605","-0.1623739949898237","-0.14779949907763415"
"0.18650636833321663","-0.21683013474165513","0.06659593981198741","-0.14270696735265742","0.04759575489752439","0.35068663884768725","0.204203520223857","-0.18826676643570284","0.211081320180587","0.22624637011546422","0.19973889320157676","-0.25970379956456724","-0.24117396412326597","-0.07826651987440097","-0.02332373501871015","-0.0179873286952942","0.247424857508551","-0.3055990874868307","0.08788845559976677","0.12336430471112028","-0.34121690135349186","-0.018855004979012935","0.1301229249326007","0.06278961390786764","0.08841710483662409","0.18794235100550216","-0.1087080897607386","-0.10618682082865576","-0.19142161373510677","0.06841135163388973"
"0.17989308024510747","0.2838088450047033","-0.10480184321485084","-0.008597402382162448","-0.05741020985393695","0.19755870201803472","0.05103471781498275","0.3479949055380031","-0.18231236321165464","-0.04609237162451516","0.21156724198709667","0.06591695711553501","-0.04073641739532237","-0.04622893586110498","0.004133498101879676","-0.1280538935630595","-0.035004302988817036","0.10753441808572975","0.5690682120194492","-0.07066618005027463","-0.07495074126379016","0.29218124065128626","0.08742792524467831","0.013963566167393943","-0.07093179494653262","-0.19496997588585394","-0.06654782951252346","-0.04427304006480815","-0.03215235312310422","0.33824443603306537"
